
100
100
100
100   41   67   34    0   69   24   78   58   62   64    5   45   81   27   61   91   95   42   27   36   91    4    2   53   92   82   21   16   18   95   47   26   71   38   69   12   67   99   35   94    3   11   22   33   73   64   41   11   53   68   47   44   62   57   37   59   23   41   29   78   16   35   90   42   88    6   40   42   64   48   46    5   90   29   70   50    6    1   93   48   29   23   84   54   56   40   66   76   31    8   44   39   26   23   37   38   18   82   29   41
100   41   67   34    0   69   24   78   58   62   64    5   45   81   27   61   91   95   42   27   36   91    4    2   53   92   82   21   16   18   95   47   26   71   38   69   12   67   99   35   94    3   11   22   33   73   64   41   11   53   68   47   44   62   57   37   59   23   41   29   78   16   35   90   42   88    6   40   42   64   48   46    5   90   29   70   50    6    1   93   48   29   23   84   54   56   40   66   76   31    8   44   39   26   23   37   38   18   82   29   410	1	2	3	4	5	5	6	6	8	11	11	12	16	16	18	18	21	22	23	23	23	24	26	26	27	27	29	29	29	29	31	33	34	35	35	36	37	37	38	38	39	40	40	41	41	41	41	42	42	42	44	44	45	46	47	47	48	48	50	53	53	54	56	57	58	59	61	62	62	64	64	64	66	67	67	68	69	69	70	71	73	76	78	78	81	82	82	84	88	90	90	91	91	92	93	94	95	95	99	n= 
100   41   67   34    0   69   24   78   58   62   64    5   45   81   27   61   91   95   42   27   36   91    4    2   53   92   82   21   16   18   95   47   26   71   38   69   12   67   99   35   94    3   11   22   33   73   64   41   11   53   68   47   44   62   57   37   59   23   41   29   78   16   35   90   42   88    6   40   42   64   48   46    5   90   29   70   50    6    1   93   48   29   23   84   54   56   40   66   76   31    8   44   39   26   23   37   38   18   82   29   41
Sorted Numbers are:
0	1	2	3	4	5	5	6	6	8	11	11	12	16	16	18	18	21	22	23	23	23	24	26	26	27	27	29	29	29	29	31	33	34	35	35	36	37	37	38	38	39	40	40	41	41	41	41	42	42	42	44	44	45	46	47	47	48	48	50	53	53	54	56	57	58	59	61	62	62	64	64	64	66	67	67	68	69	69	70	71	73	76	78	78	81	82	82	84	88	90	90	91	91	92	93	94	95	95	99	
n=100    1    7    4    0    9    4    8    8    2    4    5    5    1    7    1    1    5    2    7    6    1    4    2    3    2    2    1    6    8    5    7    6    1    8    9    2    7    9    5    4    3    1    2    3    3    4    1    1    3    8    7    4    2    7    7    9    3    1    9    8    6    5    0    2    8    6    0    2    4    8    6    5    0    9    0    0    6    1    3    8    9    3    4    4    6    0    6    6    1    8    4    9    6    3    7    8    8    2    9    1
Sorted Numbers are:
0	0	0	0	0	0	0	1	1	1	1	1	1	1	1	1	1	1	1	1	1	2	2	2	2	2	2	2	2	2	2	2	3	3	3	3	3	3	3	3	3	4	4	4	4	4	4	4	4	4	4	4	5	5	5	5	5	5	5	6	6	6	6	6	6	6	6	6	6	6	7	7	7	7	7	7	7	7	7	8	8	8	8	8	8	8	8	8	8	8	8	9	9	9	9	9	9	9	9	9	
n=10
    1    7    4    0    9    4    8    8    2    4
Sorted Numbers are:
0	1	2	4	4	4	7	8	8	9	